0026
0092
0080
0043
0046
0033
0002
0050
0008
0087
0007
0075
0010
0086
0028
0059
0090
0014
0068
0041
0039
0016
0081
0038
0019
0091
0060
0079
0048
0076
0030
0034
0098
0021
0042
0029
0035
0084
0037
0013
0082
0031
0009
0003
0094
0074
0053
0062
0006
0017
0049
0027
0077
0067
0099
0045
0097
0058
0047
0012
0004
0015
0070
0064
0089
0085
0005
0040
0018
0056
0066
0071
0036
0096
0022
0093
0069
0032
0065
0023
0055
0020
0057
0072
0051
0044
0095
0061
0083
0025
0052
0054
0011
0073
0001
0063
0088
0100
0078
0024
